order=5515776
num gens=2
first gen: (   3,  52,  40,   7,  14,  55,   9,   4,  17,  11,  45,  32,   6,
   60,   5,   8,  22,  63,  10,  37,  25)(  12,  53,  41,  28,  15,  56,  43,
   30,  18,  58,  46,  33,  20,  61,  48,  35,  23,  64,  50,  38,  26)
(  13,  54,  42,  29,  16,  57,  44,  31,  19,  59,  47,  34,  21,  62,  49,
   36,  24,  65,  51,  39,  27)(  67,  75,  74,  73,  72,  71,  70)
(  68,  86,  78, 124, 116, 109, 101)(  69, 104,  96,  89,  81, 127, 119)
(  76, 122, 114, 107,  99,  92,  84)(  77, 123, 115, 108, 100,  93,  85)
(  79, 125, 117, 110, 102,  94,  87)(  80, 126, 118, 111, 103,  95,  88)
(  82, 128, 120, 112, 105,  97,  90)(  83, 129, 121, 113, 106,  98,  91)
( 130,1026,1346, 386,1986,2306, 514, 258,3266, 642,3970, 834, 322,1538, 194,
  450,2498,2818, 578,3458,3778)( 131,1035,1354, 393,1992,2311, 518, 259,3275,
  650,3977, 840, 327,1542, 195, 459,2506,2825, 584,3463,3782)( 132,1046,1358,
  444,2036,2349, 549, 260,3286, 654,4028, 884, 365,1573, 196, 470,2510,2876,
  628,3501,3813)( 133,1064,1376, 409,2001,2367, 567, 261,3304, 672,3993, 849,
  383,1591, 197, 488,2528,2841, 593,3519,3831)( 134,1027,1355, 394,1993,2312,
  519, 262,3267, 651,3978, 841, 328,1543, 198, 451,2507,2826, 585,3464,3783)
( 135,1030,1347, 395,1994,2313, 520, 263,3270, 643,3979, 842, 329,1544, 199,
  454,2499,2827, 586,3465,3784)( 136,1031,1350, 387,1995,2314, 521, 264,3271,
  646,3971, 843, 330,1545, 200, 455,2502,2819, 587,3466,3785)( 137,1032,1351,
  390,1987,2315, 522, 265,3272, 647,3974, 835, 331,1546, 201, 456,2503,2822,
  579,3467,3786)( 138,1033,1352, 391,1990,2307, 523, 266,3273, 648,3975, 838,
  323,1547, 202, 457,2504,2823, 582,3459,3787)( 139,1034,1353, 392,1991,2310,
  515, 267,3274, 649,3976, 839, 326,1539, 203, 458,2505,2824, 583,3462,3779)
( 140,1082,1394, 427,2019,2332, 532, 268,3322, 690,4011, 867, 348,1556, 204,
  506,2546,2859, 611,3484,3796)( 141,1083,1395, 428,2020,2333, 533, 269,3323,
  691,4012, 868, 349,1557, 205, 507,2547,2860, 612,3485,3797)( 142,1084,1396,
  429,2021,2308, 534, 270,3324, 692,4013, 869, 324,1558, 206, 508,2548,2861,
  613,3460,3798)( 143,1085,1397, 430,2022,2334, 535, 271,3325, 693,4014, 870,
  350,1559, 207, 509,2549,2862, 614,3486,3799)( 144,1086,1398, 431,2023,2335,
  536, 272,3326, 694,4015, 871, 351,1560, 208, 510,2550,2863, 615,3487,3800)
( 145,1087,1399, 389,2024,2336, 537, 273,3327, 695,3973, 872, 352,1561, 209,
  511,2551,2821, 616,3488,3801)( 146,1088,1400, 432,2025,2337, 538, 274,3328,
  696,4016, 873, 353,1562, 210, 512,2552,2864, 617,3489,3802)( 147,1089,1401,
  433,2026,2338, 539, 275,3329, 697,4017, 874, 354,1563, 211, 513,2553,2865,
  618,3490,3803)( 148,1036,1402, 434,2027,2339, 540, 276,3276, 698,4018, 875,
  355,1564, 212, 460,2554,2866, 619,3491,3804)( 149,1037,1403, 435,2028,2340,
  541, 277,3277, 699,4019, 876, 356,1565, 213, 461,2555,2867, 620,3492,3805)
( 150,1038,1404, 436,2029,2341, 516, 278,3278, 700,4020, 877, 357,1540, 214,
  462,2556,2868, 621,3493,3780)( 151,1039,1405, 437,2030,2342, 542, 279,3279,
  701,4021, 878, 358,1566, 215, 463,2557,2869, 622,3494,3806)( 152,1040,1406,
  438,2031,2343, 543, 280,3280, 702,4022, 879, 359,1567, 216, 464,2558,2870,
  623,3495,3807)( 153,1041,1407, 439,1989,2344, 544, 281,3281, 703,4023, 837,
  360,1568, 217, 465,2559,2871, 581,3496,3808)( 154,1042,1408, 440,2032,2345,
  545, 282,3282, 704,4024, 880, 361,1569, 218, 466,2560,2872, 624,3497,3809)
( 155,1043,1409, 441,2033,2346, 546, 283,3283, 705,4025, 881, 362,1570, 219,
  467,2561,2873, 625,3498,3810)( 156,1044,1356, 442,2034,2347, 547, 284,3284,
  652,4026, 882, 363,1571, 220, 468,2508,2874, 626,3499,3811)( 157,1045,1357,
  443,2035,2348, 548, 285,3285, 653,4027, 883, 364,1572, 221, 469,2509,2875,
  627,3500,3812)( 158,1047,1359, 445,2037,2350, 550, 286,3287, 655,4029, 885,
  366,1574, 222, 471,2511,2877, 629,3502,3814)( 159,1048,1360, 446,2038,2351,
  551, 287,3288, 656,4030, 886, 367,1575, 223, 472,2512,2878, 630,3503,3815)
( 160,1049,1361, 447,2039,2309, 552, 288,3289, 657,4031, 887, 325,1576, 224,
  473,2513,2879, 631,3461,3816)( 161,1050,1362, 448,2040,2352, 553, 289,3290,
  658,4032, 888, 368,1577, 225, 474,2514,2880, 632,3504,3817)( 162,1051,1363,
  449,2041,2353, 554, 290,3291, 659,4033, 889, 369,1578, 226, 475,2515,2881,
  633,3505,3818)( 163,1052,1364, 396,2042,2354, 555, 291,3292, 660,3980, 890,
  370,1579, 227, 476,2516,2828, 634,3506,3819)( 164,1053,1365, 397,2043,2355,
  556, 292,3293, 661,3981, 891, 371,1580, 228, 477,2517,2829, 635,3507,3820)
( 165,1028,1366, 398,2044,2356, 557, 293,3268, 662,3982, 892, 372,1581, 229,
  452,2518,2830, 636,3508,3821)( 166,1054,1367, 399,2045,2357, 558, 294,3294,
  663,3983, 893, 373,1582, 230, 478,2519,2831, 637,3509,3822)( 167,1055,1368,
  400,2046,2358, 559, 295,3295, 664,3984, 894, 374,1583, 231, 479,2520,2832,
  638,3510,3823)( 168,1056,1369, 401,2047,2359, 517, 296,3296, 665,3985, 895,
  375,1541, 232, 480,2521,2833, 639,3511,3781)( 169,1057,1370, 402,2048,2360,
  560, 297,3297, 666,3986, 896, 376,1584, 233, 481,2522,2834, 640,3512,3824)
( 170,1058,1371, 403,2049,2361, 561, 298,3298, 667,3987, 897, 377,1585, 234,
  482,2523,2835, 641,3513,3825)( 171,1059,1372, 404,1996,2362, 562, 299,3299,
  668,3988, 844, 378,1586, 235, 483,2524,2836, 588,3514,3826)( 172,1060,1373,
  405,1997,2363, 563, 300,3300, 669,3989, 845, 379,1587, 236, 484,2525,2837,
  589,3515,3827)( 173,1061,1348, 406,1998,2364, 564, 301,3301, 644,3990, 846,
  380,1588, 237, 485,2500,2838, 590,3516,3828)( 174,1062,1374, 407,1999,2365,
  565, 302,3302, 670,3991, 847, 381,1589, 238, 486,2526,2839, 591,3517,3829)
( 175,1063,1375, 408,2000,2366, 566, 303,3303, 671,3992, 848, 382,1590, 239,
  487,2527,2840, 592,3518,3830)( 176,1065,1377, 410,2002,2368, 568, 304,3305,
  673,3994, 850, 384,1592, 240, 489,2529,2842, 594,3520,3832)( 177,1066,1378,
  411,2003,2369, 569, 305,3306, 674,3995, 851, 385,1593, 241, 490,2530,2843,
  595,3521,3833)( 178,1067,1379, 412,2004,2316, 570, 306,3307, 675,3996, 852,
  332,1594, 242, 491,2531,2844, 596,3468,3834)( 179,1068,1380, 413,2005,2317,
  571, 307,3308, 676,3997, 853, 333,1595, 243, 492,2532,2845, 597,3469,3835)
( 180,1069,1381, 388,2006,2318, 572, 308,3309, 677,3972, 854, 334,1596, 244,
  493,2533,2820, 598,3470,3836)( 181,1070,1382, 414,2007,2319, 573, 309,3310,
  678,3998, 855, 335,1597, 245, 494,2534,2846, 599,3471,3837)( 182,1071,1383,
  415,2008,2320, 574, 310,3311, 679,3999, 856, 336,1598, 246, 495,2535,2847,
  600,3472,3838)( 183,1029,1384, 416,2009,2321, 575, 311,3269, 680,4000, 857,
  337,1599, 247, 453,2536,2848, 601,3473,3839)( 184,1072,1385, 417,2010,2322,
  576, 312,3312, 681,4001, 858, 338,1600, 248, 496,2537,2849, 602,3474,3840)
( 185,1073,1386, 418,2011,2323, 577, 313,3313, 682,4002, 859, 339,1601, 249,
  497,2538,2850, 603,3475,3841)( 186,1074,1387, 419,2012,2324, 524, 314,3314,
  683,4003, 860, 340,1548, 250, 498,2539,2851, 604,3476,3788)( 187,1075,1388,
  420,2013,2325, 525, 315,3315, 684,4004, 861, 341,1549, 251, 499,2540,2852,
  605,3477,3789)( 188,1076,1389, 421,1988,2326, 526, 316,3316, 685,4005, 836,
  342,1550, 252, 500,2541,2853, 580,3478,3790)( 189,1077,1390, 422,2014,2327,
  527, 317,3317, 686,4006, 862, 343,1551, 253, 501,2542,2854, 606,3479,3791)
( 190,1078,1391, 423,2015,2328, 528, 318,3318, 687,4007, 863, 344,1552, 254,
  502,2543,2855, 607,3480,3792)( 191,1079,1349, 424,2016,2329, 529, 319,3319,
  645,4008, 864, 345,1553, 255, 503,2501,2856, 608,3481,3793)( 192,1080,1392,
  425,2017,2330, 530, 320,3320, 688,4009, 865, 346,1554, 256, 504,2544,2857,
  609,3482,3794)( 193,1081,1393, 426,2018,2331, 531, 321,3321, 689,4010, 866,
  347,1555, 257, 505,2545,2858, 610,3483,3795)( 706,1090,1410,1730,2050,2370,
 2690,3010,3330,3650,4034, 898,1218,1602,1858,2178,2562,2882,3138,3522,3842)
( 707,1099,1418,1737,2056,2375,2694,3011,3339,3658,4041, 904,1223,1606,1859,
 2187,2570,2889,3144,3527,3846)( 708,1110,1422,1788,2100,2413,2725,3012,3350,
 3662,4092, 948,1261,1637,1860,2198,2574,2940,3188,3565,3877)( 709,1128,1440,
 1753,2065,2431,2743,3013,3368,3680,4057, 913,1279,1655,1861,2216,2592,2905,
 3153,3583,3895)( 710,1091,1419,1738,2057,2376,2695,3014,3331,3659,4042, 905,
 1224,1607,1862,2179,2571,2890,3145,3528,3847)( 711,1094,1411,1739,2058,2377,
 2696,3015,3334,3651,4043, 906,1225,1608,1863,2182,2563,2891,3146,3529,3848)
( 712,1095,1414,1731,2059,2378,2697,3016,3335,3654,4035, 907,1226,1609,1864,
 2183,2566,2883,3147,3530,3849)( 713,1096,1415,1734,2051,2379,2698,3017,3336,
 3655,4038, 899,1227,1610,1865,2184,2567,2886,3139,3531,3850)( 714,1097,1416,
 1735,2054,2371,2699,3018,3337,3656,4039, 902,1219,1611,1866,2185,2568,2887,
 3142,3523,3851)( 715,1098,1417,1736,2055,2374,2691,3019,3338,3657,4040, 903,
 1222,1603,1867,2186,2569,2888,3143,3526,3843)( 716,1146,1458,1771,2083,2396,
 2708,3020,3386,3698,4075, 931,1244,1620,1868,2234,2610,2923,3171,3548,3860)
( 717,1147,1459,1772,2084,2397,2709,3021,3387,3699,4076, 932,1245,1621,1869,
 2235,2611,2924,3172,3549,3861)( 718,1148,1460,1773,2085,2372,2710,3022,3388,
 3700,4077, 933,1220,1622,1870,2236,2612,2925,3173,3524,3862)( 719,1149,1461,
 1774,2086,2398,2711,3023,3389,3701,4078, 934,1246,1623,1871,2237,2613,2926,
 3174,3550,3863)( 720,1150,1462,1775,2087,2399,2712,3024,3390,3702,4079, 935,
 1247,1624,1872,2238,2614,2927,3175,3551,3864)( 721,1151,1463,1733,2088,2400,
 2713,3025,3391,3703,4037, 936,1248,1625,1873,2239,2615,2885,3176,3552,3865)
( 722,1152,1464,1776,2089,2401,2714,3026,3392,3704,4080, 937,1249,1626,1874,
 2240,2616,2928,3177,3553,3866)( 723,1153,1465,1777,2090,2402,2715,3027,3393,
 3705,4081, 938,1250,1627,1875,2241,2617,2929,3178,3554,3867)( 724,1100,1466,
 1778,2091,2403,2716,3028,3340,3706,4082, 939,1251,1628,1876,2188,2618,2930,
 3179,3555,3868)( 725,1101,1467,1779,2092,2404,2717,3029,3341,3707,4083, 940,
 1252,1629,1877,2189,2619,2931,3180,3556,3869)( 726,1102,1468,1780,2093,2405,
 2692,3030,3342,3708,4084, 941,1253,1604,1878,2190,2620,2932,3181,3557,3844)
( 727,1103,1469,1781,2094,2406,2718,3031,3343,3709,4085, 942,1254,1630,1879,
 2191,2621,2933,3182,3558,3870)( 728,1104,1470,1782,2095,2407,2719,3032,3344,
 3710,4086, 943,1255,1631,1880,2192,2622,2934,3183,3559,3871)( 729,1105,1471,
 1783,2053,2408,2720,3033,3345,3711,4087, 901,1256,1632,1881,2193,2623,2935,
 3141,3560,3872)( 730,1106,1472,1784,2096,2409,2721,3034,3346,3712,4088, 944,
 1257,1633,1882,2194,2624,2936,3184,3561,3873)( 731,1107,1473,1785,2097,2410,
 2722,3035,3347,3713,4089, 945,1258,1634,1883,2195,2625,2937,3185,3562,3874)
( 732,1108,1420,1786,2098,2411,2723,3036,3348,3660,4090, 946,1259,1635,1884,
 2196,2572,2938,3186,3563,3875)( 733,1109,1421,1787,2099,2412,2724,3037,3349,
 3661,4091, 947,1260,1636,1885,2197,2573,2939,3187,3564,3876)( 734,1111,1423,
 1789,2101,2414,2726,3038,3351,3663,4093, 949,1262,1638,1886,2199,2575,2941,
 3189,3566,3878)( 735,1112,1424,1790,2102,2415,2727,3039,3352,3664,4094, 950,
 1263,1639,1887,2200,2576,2942,3190,3567,3879)( 736,1113,1425,1791,2103,2373,
 2728,3040,3353,3665,4095, 951,1221,1640,1888,2201,2577,2943,3191,3525,3880)
( 737,1114,1426,1792,2104,2416,2729,3041,3354,3666,4096, 952,1264,1641,1889,
 2202,2578,2944,3192,3568,3881)( 738,1115,1427,1793,2105,2417,2730,3042,3355,
 3667,4097, 953,1265,1642,1890,2203,2579,2945,3193,3569,3882)( 739,1116,1428,
 1740,2106,2418,2731,3043,3356,3668,4044, 954,1266,1643,1891,2204,2580,2892,
 3194,3570,3883)( 740,1117,1429,1741,2107,2419,2732,3044,3357,3669,4045, 955,
 1267,1644,1892,2205,2581,2893,3195,3571,3884)( 741,1092,1430,1742,2108,2420,
 2733,3045,3332,3670,4046, 956,1268,1645,1893,2180,2582,2894,3196,3572,3885)
( 742,1118,1431,1743,2109,2421,2734,3046,3358,3671,4047, 957,1269,1646,1894,
 2206,2583,2895,3197,3573,3886)( 743,1119,1432,1744,2110,2422,2735,3047,3359,
 3672,4048, 958,1270,1647,1895,2207,2584,2896,3198,3574,3887)( 744,1120,1433,
 1745,2111,2423,2693,3048,3360,3673,4049, 959,1271,1605,1896,2208,2585,2897,
 3199,3575,3845)( 745,1121,1434,1746,2112,2424,2736,3049,3361,3674,4050, 960,
 1272,1648,1897,2209,2586,2898,3200,3576,3888)( 746,1122,1435,1747,2113,2425,
 2737,3050,3362,3675,4051, 961,1273,1649,1898,2210,2587,2899,3201,3577,3889)
( 747,1123,1436,1748,2060,2426,2738,3051,3363,3676,4052, 908,1274,1650,1899,
 2211,2588,2900,3148,3578,3890)( 748,1124,1437,1749,2061,2427,2739,3052,3364,
 3677,4053, 909,1275,1651,1900,2212,2589,2901,3149,3579,3891)( 749,1125,1412,
 1750,2062,2428,2740,3053,3365,3652,4054, 910,1276,1652,1901,2213,2564,2902,
 3150,3580,3892)( 750,1126,1438,1751,2063,2429,2741,3054,3366,3678,4055, 911,
 1277,1653,1902,2214,2590,2903,3151,3581,3893)( 751,1127,1439,1752,2064,2430,
 2742,3055,3367,3679,4056, 912,1278,1654,1903,2215,2591,2904,3152,3582,3894)
( 752,1129,1441,1754,2066,2432,2744,3056,3369,3681,4058, 914,1280,1656,1904,
 2217,2593,2906,3154,3584,3896)( 753,1130,1442,1755,2067,2433,2745,3057,3370,
 3682,4059, 915,1281,1657,1905,2218,2594,2907,3155,3585,3897)( 754,1131,1443,
 1756,2068,2380,2746,3058,3371,3683,4060, 916,1228,1658,1906,2219,2595,2908,
 3156,3532,3898)( 755,1132,1444,1757,2069,2381,2747,3059,3372,3684,4061, 917,
 1229,1659,1907,2220,2596,2909,3157,3533,3899)( 756,1133,1445,1732,2070,2382,
 2748,3060,3373,3685,4036, 918,1230,1660,1908,2221,2597,2884,3158,3534,3900)
( 757,1134,1446,1758,2071,2383,2749,3061,3374,3686,4062, 919,1231,1661,1909,
 2222,2598,2910,3159,3535,3901)( 758,1135,1447,1759,2072,2384,2750,3062,3375,
 3687,4063, 920,1232,1662,1910,2223,2599,2911,3160,3536,3902)( 759,1093,1448,
 1760,2073,2385,2751,3063,3333,3688,4064, 921,1233,1663,1911,2181,2600,2912,
 3161,3537,3903)( 760,1136,1449,1761,2074,2386,2752,3064,3376,3689,4065, 922,
 1234,1664,1912,2224,2601,2913,3162,3538,3904)( 761,1137,1450,1762,2075,2387,
 2753,3065,3377,3690,4066, 923,1235,1665,1913,2225,2602,2914,3163,3539,3905)
( 762,1138,1451,1763,2076,2388,2700,3066,3378,3691,4067, 924,1236,1612,1914,
 2226,2603,2915,3164,3540,3852)( 763,1139,1452,1764,2077,2389,2701,3067,3379,
 3692,4068, 925,1237,1613,1915,2227,2604,2916,3165,3541,3853)( 764,1140,1453,
 1765,2052,2390,2702,3068,3380,3693,4069, 900,1238,1614,1916,2228,2605,2917,
 3140,3542,3854)( 765,1141,1454,1766,2078,2391,2703,3069,3381,3694,4070, 926,
 1239,1615,1917,2229,2606,2918,3166,3543,3855)( 766,1142,1455,1767,2079,2392,
 2704,3070,3382,3695,4071, 927,1240,1616,1918,2230,2607,2919,3167,3544,3856)
( 767,1143,1413,1768,2080,2393,2705,3071,3383,3653,4072, 928,1241,1617,1919,
 2231,2565,2920,3168,3545,3857)( 768,1144,1456,1769,2081,2394,2706,3072,3384,
 3696,4073, 929,1242,1618,1920,2232,2608,2921,3169,3546,3858)( 769,1145,1457,
 1770,2082,2395,2707,3073,3385,3697,4074, 930,1243,1619,1921,2233,2609,2922,
 3170,3547,3859)( 770,1154,1474,1794,2114,2434,2754,3074,3394,3714,4098, 962,
 1282,1666,1922,2242,2626,2946,3202,3586,3906)( 771,1163,1482,1801,2120,2439,
 2758,3075,3403,3722,4105, 968,1287,1670,1923,2251,2634,2953,3208,3591,3910)
( 772,1174,1486,1852,2164,2477,2789,3076,3414,3726,4156,1012,1325,1701,1924,
 2262,2638,3004,3252,3629,3941)( 773,1192,1504,1817,2129,2495,2807,3077,3432,
 3744,4121, 977,1343,1719,1925,2280,2656,2969,3217,3647,3959)( 774,1155,1483,
 1802,2121,2440,2759,3078,3395,3723,4106, 969,1288,1671,1926,2243,2635,2954,
 3209,3592,3911)( 775,1158,1475,1803,2122,2441,2760,3079,3398,3715,4107, 970,
 1289,1672,1927,2246,2627,2955,3210,3593,3912)( 776,1159,1478,1795,2123,2442,
 2761,3080,3399,3718,4099, 971,1290,1673,1928,2247,2630,2947,3211,3594,3913)
( 777,1160,1479,1798,2115,2443,2762,3081,3400,3719,4102, 963,1291,1674,1929,
 2248,2631,2950,3203,3595,3914)( 778,1161,1480,1799,2118,2435,2763,3082,3401,
 3720,4103, 966,1283,1675,1930,2249,2632,2951,3206,3587,3915)( 779,1162,1481,
 1800,2119,2438,2755,3083,3402,3721,4104, 967,1286,1667,1931,2250,2633,2952,
 3207,3590,3907)( 780,1210,1522,1835,2147,2460,2772,3084,3450,3762,4139, 995,
 1308,1684,1932,2298,2674,2987,3235,3612,3924)( 781,1211,1523,1836,2148,2461,
 2773,3085,3451,3763,4140, 996,1309,1685,1933,2299,2675,2988,3236,3613,3925)
( 782,1212,1524,1837,2149,2436,2774,3086,3452,3764,4141, 997,1284,1686,1934,
 2300,2676,2989,3237,3588,3926)( 783,1213,1525,1838,2150,2462,2775,3087,3453,
 3765,4142, 998,1310,1687,1935,2301,2677,2990,3238,3614,3927)( 784,1214,1526,
 1839,2151,2463,2776,3088,3454,3766,4143, 999,1311,1688,1936,2302,2678,2991,
 3239,3615,3928)( 785,1215,1527,1797,2152,2464,2777,3089,3455,3767,4101,1000,
 1312,1689,1937,2303,2679,2949,3240,3616,3929)( 786,1216,1528,1840,2153,2465,
 2778,3090,3456,3768,4144,1001,1313,1690,1938,2304,2680,2992,3241,3617,3930)
( 787,1217,1529,1841,2154,2466,2779,3091,3457,3769,4145,1002,1314,1691,1939,
 2305,2681,2993,3242,3618,3931)( 788,1164,1530,1842,2155,2467,2780,3092,3404,
 3770,4146,1003,1315,1692,1940,2252,2682,2994,3243,3619,3932)( 789,1165,1531,
 1843,2156,2468,2781,3093,3405,3771,4147,1004,1316,1693,1941,2253,2683,2995,
 3244,3620,3933)( 790,1166,1532,1844,2157,2469,2756,3094,3406,3772,4148,1005,
 1317,1668,1942,2254,2684,2996,3245,3621,3908)( 791,1167,1533,1845,2158,2470,
 2782,3095,3407,3773,4149,1006,1318,1694,1943,2255,2685,2997,3246,3622,3934)
( 792,1168,1534,1846,2159,2471,2783,3096,3408,3774,4150,1007,1319,1695,1944,
 2256,2686,2998,3247,3623,3935)( 793,1169,1535,1847,2117,2472,2784,3097,3409,
 3775,4151, 965,1320,1696,1945,2257,2687,2999,3205,3624,3936)( 794,1170,1536,
 1848,2160,2473,2785,3098,3410,3776,4152,1008,1321,1697,1946,2258,2688,3000,
 3248,3625,3937)( 795,1171,1537,1849,2161,2474,2786,3099,3411,3777,4153,1009,
 1322,1698,1947,2259,2689,3001,3249,3626,3938)( 796,1172,1484,1850,2162,2475,
 2787,3100,3412,3724,4154,1010,1323,1699,1948,2260,2636,3002,3250,3627,3939)
( 797,1173,1485,1851,2163,2476,2788,3101,3413,3725,4155,1011,1324,1700,1949,
 2261,2637,3003,3251,3628,3940)( 798,1175,1487,1853,2165,2478,2790,3102,3415,
 3727,4157,1013,1326,1702,1950,2263,2639,3005,3253,3630,3942)( 799,1176,1488,
 1854,2166,2479,2791,3103,3416,3728,4158,1014,1327,1703,1951,2264,2640,3006,
 3254,3631,3943)( 800,1177,1489,1855,2167,2437,2792,3104,3417,3729,4159,1015,
 1285,1704,1952,2265,2641,3007,3255,3589,3944)( 801,1178,1490,1856,2168,2480,
 2793,3105,3418,3730,4160,1016,1328,1705,1953,2266,2642,3008,3256,3632,3945)
( 802,1179,1491,1857,2169,2481,2794,3106,3419,3731,4161,1017,1329,1706,1954,
 2267,2643,3009,3257,3633,3946)( 803,1180,1492,1804,2170,2482,2795,3107,3420,
 3732,4108,1018,1330,1707,1955,2268,2644,2956,3258,3634,3947)( 804,1181,1493,
 1805,2171,2483,2796,3108,3421,3733,4109,1019,1331,1708,1956,2269,2645,2957,
 3259,3635,3948)( 805,1156,1494,1806,2172,2484,2797,3109,3396,3734,4110,1020,
 1332,1709,1957,2244,2646,2958,3260,3636,3949)( 806,1182,1495,1807,2173,2485,
 2798,3110,3422,3735,4111,1021,1333,1710,1958,2270,2647,2959,3261,3637,3950)
( 807,1183,1496,1808,2174,2486,2799,3111,3423,3736,4112,1022,1334,1711,1959,
 2271,2648,2960,3262,3638,3951)( 808,1184,1497,1809,2175,2487,2757,3112,3424,
 3737,4113,1023,1335,1669,1960,2272,2649,2961,3263,3639,3909)( 809,1185,1498,
 1810,2176,2488,2800,3113,3425,3738,4114,1024,1336,1712,1961,2273,2650,2962,
 3264,3640,3952)( 810,1186,1499,1811,2177,2489,2801,3114,3426,3739,4115,1025,
 1337,1713,1962,2274,2651,2963,3265,3641,3953)( 811,1187,1500,1812,2124,2490,
 2802,3115,3427,3740,4116, 972,1338,1714,1963,2275,2652,2964,3212,3642,3954)
( 812,1188,1501,1813,2125,2491,2803,3116,3428,3741,4117, 973,1339,1715,1964,
 2276,2653,2965,3213,3643,3955)( 813,1189,1476,1814,2126,2492,2804,3117,3429,
 3716,4118, 974,1340,1716,1965,2277,2628,2966,3214,3644,3956)( 814,1190,1502,
 1815,2127,2493,2805,3118,3430,3742,4119, 975,1341,1717,1966,2278,2654,2967,
 3215,3645,3957)( 815,1191,1503,1816,2128,2494,2806,3119,3431,3743,4120, 976,
 1342,1718,1967,2279,2655,2968,3216,3646,3958)( 816,1193,1505,1818,2130,2496,
 2808,3120,3433,3745,4122, 978,1344,1720,1968,2281,2657,2970,3218,3648,3960)
( 817,1194,1506,1819,2131,2497,2809,3121,3434,3746,4123, 979,1345,1721,1969,
 2282,2658,2971,3219,3649,3961)( 818,1195,1507,1820,2132,2444,2810,3122,3435,
 3747,4124, 980,1292,1722,1970,2283,2659,2972,3220,3596,3962)( 819,1196,1508,
 1821,2133,2445,2811,3123,3436,3748,4125, 981,1293,1723,1971,2284,2660,2973,
 3221,3597,3963)( 820,1197,1509,1796,2134,2446,2812,3124,3437,3749,4100, 982,
 1294,1724,1972,2285,2661,2948,3222,3598,3964)( 821,1198,1510,1822,2135,2447,
 2813,3125,3438,3750,4126, 983,1295,1725,1973,2286,2662,2974,3223,3599,3965)
( 822,1199,1511,1823,2136,2448,2814,3126,3439,3751,4127, 984,1296,1726,1974,
 2287,2663,2975,3224,3600,3966)( 823,1157,1512,1824,2137,2449,2815,3127,3397,
 3752,4128, 985,1297,1727,1975,2245,2664,2976,3225,3601,3967)( 824,1200,1513,
 1825,2138,2450,2816,3128,3440,3753,4129, 986,1298,1728,1976,2288,2665,2977,
 3226,3602,3968)( 825,1201,1514,1826,2139,2451,2817,3129,3441,3754,4130, 987,
 1299,1729,1977,2289,2666,2978,3227,3603,3969)( 826,1202,1515,1827,2140,2452,
 2764,3130,3442,3755,4131, 988,1300,1676,1978,2290,2667,2979,3228,3604,3916)
( 827,1203,1516,1828,2141,2453,2765,3131,3443,3756,4132, 989,1301,1677,1979,
 2291,2668,2980,3229,3605,3917)( 828,1204,1517,1829,2116,2454,2766,3132,3444,
 3757,4133, 964,1302,1678,1980,2292,2669,2981,3204,3606,3918)( 829,1205,1518,
 1830,2142,2455,2767,3133,3445,3758,4134, 990,1303,1679,1981,2293,2670,2982,
 3230,3607,3919)( 830,1206,1519,1831,2143,2456,2768,3134,3446,3759,4135, 991,
 1304,1680,1982,2294,2671,2983,3231,3608,3920)( 831,1207,1477,1832,2144,2457,
 2769,3135,3447,3717,4136, 992,1305,1681,1983,2295,2629,2984,3232,3609,3921)
( 832,1208,1520,1833,2145,2458,2770,3136,3448,3760,4137, 993,1306,1682,1984,
 2296,2672,2985,3233,3610,3922)( 833,1209,1521,1834,2146,2459,2771,3137,3449,
 3761,4138, 994,1307,1683,1985,2297,2673,2986,3234,3611,3923)
Error, no method found! For debugging hints type ?Recovery from NoMethodFound
Error, no 1st choice method found for `DimensionsMat' on 1 arguments
called from read-eval loop at *stdin*:6
type 'quit;' to quit to outer loop
[1m[34m[0m[31mError, no method found! For debugging hints type ?Recovery from NoMethodFound
Error, no 1st choice method found for `DefaultFieldOfMatrix' on 1 arguments
*[1] ErrorInner( rec(
    context := GetCurrentLVars(  ),
    tracebackContext := ParentLVars( GetCurrentLVars(  ) ),
    mayReturnVoid := false,
    mayReturnObj := false,
    lateMessage := "type 'quit;' to quit to outer loop" ), 
 [ no_method_found ] );
   @ /home/USER/gap-4.16.0/lib/methsel2.g:258
<function "HANDLE_METHOD_NOT_FOUND">( <arguments> )
 called from read-eval loop at *errin*:1
type 'quit;' to quit to outer loop
[1m[34m[0m[31m[1m[34m[0m[31m