=== Route 2b: get groups and maximal subgroups via SLPs ===
true
--- Checking RepresentativesPerfectSubgroups existence ---
IsBoundGlobal RepresentativesPerfectSubgroups: true
IsBoundGlobal PerfectResiduum: true
IsBoundGlobal PerfectIdentification: true
IsBoundGlobal PerfectGroup: true
--- O7(3): building perm group, degree 351 ---
<permutation group of size 4585351680 with 2 generators>
G1: Group( [ (  1,  2)(  3,  5)(  7, 10)(  8, 12)(  9, 14)( 11, 17)( 16, 23)
    ( 19, 27)( 21, 30)( 22, 32)( 24, 35)( 25, 37)( 26, 39)( 28, 42)( 29, 44)
    ( 33, 49)( 36, 52)( 38, 47)( 41, 57)( 43, 60)( 45, 63)( 46, 65)( 51, 71)
    ( 56, 77)( 58, 80)( 61, 79)( 62, 84)( 66, 88)( 67, 76)( 68, 91)( 72, 96)
    ( 73, 98)( 75,101)( 78,105)( 81,109)( 82,111)( 83,113)( 85,116)( 86,118)
    ( 89,102)( 92,117)( 93,126)( 99,133)(100,135)(103,138)(110,146)(119,153)
    (121,156)(123,159)(124,160)(129,165)(130,166)(131,141)(132,169)(134,172)
    (136,175)(137,177)(139,163)(140,180)(142,173)(143,184)(144,186)(147,190)
    (150,193)(151,192)(154,185)(157,200)(158,202)(161,206)(164,209)(181,214)
    (182,226)(183,228)(187,231)(189,234)(195,239)(198,236)(201,245)(208,251)
    (210,253)(213,256)(215,259)(219,262)(221,265)(225,266)(227,268)(229,271)
    (235,276)(237,278)(238,280)(241,281)(242,283)(243,285)(247,288)(248,279)
    (249,290)(250,291)(254,293)(261,269)(263,300)(267,303)(272,274)(273,287)
    (282,308)(292,317)(296,314)(299,320)(310,331)(323,326)(324,340)(327,342)
    (332,345), (  1,  3,  6,  9, 15, 22, 33)(  2,  4,  7, 11, 18, 26, 40)
    (  5,  8, 13, 20, 29, 45, 64)( 10, 16, 24, 36, 53, 74,100)
    ( 12, 19, 28, 43, 61, 83,114)( 14, 21, 31, 47, 67, 90,123)
    ( 17, 25, 38, 55, 76,103,139)( 23, 34, 50, 70, 94,128,164)
    ( 27, 41, 58, 81,110,147,191)( 30, 46, 66, 89,122,158,203)
    ( 32, 48, 68, 92,125,162,113)( 35, 51, 72, 97,131,168,212)
    ( 37, 54, 75,102,137,178,222)( 39, 56, 78,106,142,183,126)
    ( 42, 59, 60, 82,112,148,192)( 44, 62, 85,117,151,195,111)
    ( 49, 69, 93,127,163,208,252)( 52, 73, 99,134,173,217,153)
    ( 57, 79,107,143,185,229,272)( 63, 86,119,154,197,241,282)
    ( 65, 87,120,155,198,242,284)( 71, 95,129,160,205,249,184)
    ( 77,104,140,181,225,267,304)( 80,108,144,187,232,274,239)
    ( 84,115,149,116,150,194,238)( 88,121,157,201,246,228,270)
    ( 91,124,161,207,146,189,235)( 96,130,167,211,255,295,319)
    ( 98,132,170,214,258,298,322)(101,136,176,220,264,302,326)
    (105,141,182,227,269,234,275)(109,145,188,233,271,306,329)
    (118,152,196,240,276,307,330)(133,171,215,260,291,316,226)
    (135,174,218,261,293,209,251)(138,179,223,256,296,320,338)
    (156,199,243,286,266,300,324)(159,204,248,289,314,303,327)
    (165,193,237,279,186,230,273)(166,210,254,294,318,172,216)
    (169,213,257,297,321,177,221)(175,219,263,301,325,341,340)
    (180,224,245,287,312,334,345)(190,236,277,308,331,344,253)
    (200,244,265,268,305,328,343)(202,247,280,310,332,346,231)
    (206,250,292,259,281,311,333)(262,299,323,339,348,350,351)
    (278,309,317,337,288,313,335)(283,290,315,336,347,342,349) ] )
Size G1: 4585351680
--- S6(3): building perm group, degree 364 ---
<permutation group of size 4585351680 with 2 generators>
G2: Group( [ (  1,  2)(  3,  5)(  4,  7)(  6, 10)(  8, 13)( 11, 17)( 12, 19)
    ( 14, 22)( 16, 25)( 18, 28)( 21, 31)( 23, 34)( 24, 35)( 26, 38)( 27, 40)
    ( 29, 43)( 30, 45)( 32, 48)( 33, 47)( 36, 53)( 37, 54)( 39, 57)( 41, 60)
    ( 42, 50)( 44, 64)( 46, 67)( 49, 70)( 51, 68)( 52, 74)( 56, 79)( 59, 82)
    ( 62, 86)( 63, 88)( 65, 91)( 69, 94)( 71, 97)( 73, 98)( 75, 87)( 76, 93)
    ( 77,102)( 78,104)( 80,107)( 81,109)( 83,112)( 84,114)( 85,116)( 89,118)
    ( 92,121)( 96,125)( 99,129)(100,131)(101,133)(105,138)(106,139)(108,142)
    (110,126)(111,145)(113,148)(115,151)(117,152)(119,155)(122,158)(123,159)
    (124,161)(127,157)(128,165)(130,162)(132,169)(134,170)(135,171)(136,173)
    (141,163)(143,181)(146,184)(147,186)(149,189)(150,190)(153,176)(156,177)
    (164,196)(167,201)(168,203)(172,208)(174,211)(178,215)(179,217)(180,207)
    (182,220)(183,221)(185,224)(187,227)(188,229)(191,232)(192,231)(193,234)
    (194,236)(195,238)(197,241)(198,243)(199,244)(200,245)(202,242)(206,249)
    (209,253)(210,255)(213,258)(216,261)(219,256)(222,266)(223,268)(225,270)
    (230,275)(233,277)(235,267)(240,283)(246,289)(247,291)(248,293)(251,259)
    (252,297)(257,296)(260,300)(262,302)(263,282)(264,301)(265,304)(269,273)
    (271,272)(274,278)(276,308)(279,314)(280,315)(281,295)(284,319)(286,321)
    (287,318)(292,325)(294,305)(298,330)(307,327)(309,320)(311,312)(313,335)
    (316,331)(317,340)(322,343)(323,332)(324,338)(326,347)(333,345)(334,350)
    (336,352)(337,342)(341,344)(346,353)(348,357)(351,358)(359,361)(360,362)
    (363,364), (  1,  3,  6, 11, 18)(  2,  4,  8, 14, 23)(  5,  9, 15, 24, 36)
    (  7, 12, 20, 30, 46)( 10, 16, 26, 39, 58)( 13, 21, 32, 49, 71)
    ( 17, 27, 41, 61, 85)( 19, 29, 44, 65, 92)( 22, 33, 50, 72, 86)
    ( 25, 37, 55, 78,105)( 28, 42, 62, 87,117)( 31, 47, 68, 88, 74)
    ( 34, 51, 73, 99,130)( 35, 52, 75,100,132)( 38, 56, 80,108,143)
    ( 40, 59, 83,113,149)( 43, 63, 89, 45, 66)( 48, 69, 95,124,162)
    ( 53, 76,101,134,158)( 54, 77,103,136,174)( 57, 81,110,144,182)
    ( 60, 84,115,152,192)( 64, 90,119, 97,127)( 67, 93,122,118,154)
    ( 70, 96,126,164,199)( 79,106,140,178,216)( 82,111,146,185,225)
    ( 91,120,156,195,239)( 94,123,160,196,240)( 98,128,166,121,157)
    (102,135,172,209,254)(104,137,175,212,257)(107,141,179,218,263)
    (109,142,180,169,205)(112,147,187,228,273)(114,150,131,168,204)
    (116,153,193,235,279)(125,163,198,211,256)(129,167,202,220,264)
    (133,139,177,214,260)(138,176,213,259,299)(145,183,222,267,305)
    (148,188,230,190,232)(151,191,233,270,308)(155,194,237,281,317)
    (159,161,197,242,285)(165,200,246,290,315)(170,206,250,238,282)
    (171,207,251,296,329)(173,210,221,265,253)(181,219,236,280,316)
    (184,223,269,307,336)(186,226,271,309,337)(189,231,276,312,319)
    (201,247,292,304,334)(203,248,294,327,258)(208,252,261,301,331)
    (215,217,262,303,333)(224,244,287,255,298)(227,272,229,274,310)
    (234,278,313,338,353)(241,284,320,341,350)(243,286,322,344,297)
    (245,288,323,345,356)(249,295,328,289,300)(266,275,311,291,324)
    (268,306,335,351,359)(277,283,318,321,342)(293,326,314,339,354)
    (302,332,349,340,355)(325,346,352,330,348)(357,358,360,363,361) ] )
Size G2: 4585351680
=== done route2b ===
